418	7	1	1	MTR5971	MTR597	0	0	1
947	7	5	1	RUR2931	RUR293	0	0	1
970	7	2	1	MTR4221	MTR422	0	0	1
971	7	1	1	MTR6631	MTR663	0	0	1
972	7	3	1	MTR0151	MTR015	0	0	1
973	7	7	1	RUR3371	RUR337	0	0	1
974	7	6	1	RU12021	RU1202	0	0	1
975	7	1	1	RUR1581	RUR158	0	0	1
976	7	1	1	MTR1751	MTR175	0	0	1
418	7	1	1	MTR5972	MTR597	0	0	1
947	7	5	1	RUR2932	RUR293	0	0	1
970	7	2	1	MTR4222	MTR422	0	0	1
972	7	3	1	MTR0152	MTR015	0	0	1
973	7	7	1	RUR3372	RUR337	0	0	1
974	7	6	1	RU12022	RU1202	0	0	1
975	7	1	1	RUR1582	RUR158	0	0	1
976	7	1	1	MTR1752	MTR175	0	0	1
418	7	1	1	MTR5973	MTR597	0	0	1
947	7	5	1	RUR2933	RUR293	0	0	1
970	7	2	1	MTR4223	MTR422	0	0	1
972	7	3	1	MTR0153	MTR015	0	0	1
973	7	7	1	RUR3373	RUR337	0	0	1
974	7	6	1	RU12023	RU1202	0	0	1
975	7	1	1	RUR1583	RUR158	0	0	1
976	7	1	1	MTR1753	MTR175	0	0	1
